1 0.496305 0.277162 0.056650 0.086475 0.685113
1 0.615764 0.271064 0.034483 0.067627 0.673952
1 0.542693 0.282705 0.054187 0.086475 0.665247
1 0.585386 0.275499 0.042693 0.074279 0.652358
1 0.421182 0.263858 0.032841 0.070953 0.634852
1 0.454433 0.272173 0.036946 0.080931 0.615421
1 0.538998 0.338137 0.043514 0.046563 0.478861
1 0.466749 0.328160 0.033662 0.046563 0.414058
1 0.581281 0.332594 0.034483 0.042129 0.348119
1 0.616585 0.319845 0.032841 0.032151 0.345034
1 0.672003 0.251663 0.023810 0.042129 0.257690
1 0.385057 0.255543 0.031199 0.056541 0.252533
